[{"id": 0, "img_name": "DSC07956", "width": 5187, "height": 3361, "position": [0.32511876709066195, 2.9957802654512298, -3.225355003982969], "rotation": [[0.9999338259558068, -0.010638588983250229, -0.004377685898681347], [0.008907733496057774, 0.9568136992250933, -0.2905653063584087], [0.00727983470590212, 0.2905070832176698, 0.9568451487085131]], "fy": 3852.356179237937, "fx": 3844.898776958602, "cx": 2593.5, "cy": 1680.5}, {"id": 1, "img_name": "DSC07957", "width": 5187, "height": 3361, "position": [-0.46281759282981544, 2.9359356929730343, -3.119739095273051], "rotation": [[0.980588226011466, -0.025945141854591385, 0.19435426576700376], [0.07992926296206776, 0.9580056543857286, -0.27538423899583003], [-0.17904760241351078, 0.28557313560472886, 0.9414828412089393]], "fy": 3852.356179237937, "fx": 3844.898776958602, "cx": 2593.5, "cy": 1680.5}, {"id": 2, "img_name": "DSC07958", "width": 5187, "height": 3361, "position": [-1.1916220814195984, 2.825290951303814, -2.905461196236204], "rotation": [[0.9402466524023904, -0.056568472144838955, 0.33576217864032404], [0.1528384051519247, 0.9512953688672487, -0.2677266200480282], [-0.30426411973269935, 0.303046414152888, 0.9030981210878258]], "fy": 3852.356179237937, "fx": 3844.898776958602, "cx": 2593.5, "cy": 1680.5}, {"id": 3, "img_name": "DSC07959", "width": 5187, "height": 3361, "position": [-1.873832988364166, 2.591260442540366, -2.526694008900691], "rotation": [[0.8634548172747626, -0.08459594092417481, 0.49728191733076327], [0.22176010890461523, 0.9491202241176163, -0.22359171332931577], [-0.45306537345467013, 0.30333863412048134, 0.8382824347594914]], "fy": 3852.356179237937, "fx": 3844.898776958602, "cx": 2593.5, "cy": 1680.5}, {"id": 4, "img_name": "DSC07960", "width": 5187, "height": 3361, "position": [-2.4083746017810332, 2.4120876867894188, -2.1613769856273404], "rotation": [[0.7553772729326289, -0.11374692435558298, 0.6453423996116402], [0.30244951800774816, 0.9341655753861924, -0.18936463983612364], [-0.5813170086912522, 0.33822524294178474, 0.7400501472489721]], "fy": 3852.356179237937, "fx": 3844.898776958602, "cx": 2593.5, "cy": 1680.5}, {"id": 5, "img_name": "DSC07961", "width": 5187, "height": 3361, "position": [-2.952298268899898, 2.0787977423966484, -1.5523613523257103], "rotation": [[0.638820977894432, -0.12162134648057803, 0.7596815163489584], [0.34328362479655466, 0.928741790325116, -0.13998228405850682], [-0.6885231377002081, 0.35020984421336515, 0.6350503553794067]], "fy": 3852.356179237937, "fx": 3844.898776958602, "cx": 2593.5, "cy": 1680.5}, {"id": 6, "img_name": "DSC07962", "width": 5187, "height": 3361, "position": [-3.4166628460181556, 1.7659905606502875, -0.9752561451985033], "rotation": [[0.4717126755843022, -0.14330885340132268, 0.8700285766742935], [0.3995722037411191, 0.91432013899398, -0.06603587984947555], [-0.7860211229289988, 0.37878919726785637, 0.4885586334746409]], "fy": 3852.356179237937, "fx": 3844.898776958602, "cx": 2593.5, "cy": 1680.5}, {"id": 7, "img_name": "DSC07963", "width": 5187, "height": 3361, "position": [-3.662063951762298, 1.36055354160916, -0.22807816223245658], "rotation": [[0.2842840325369683, -0.14993846184515225, 0.9469430006626742], [0.4482973503348656, 0.8938574852652601, 0.006948504731552778], [-0.8474739373734501, 0.42253668917003573, 0.32132642558302893]], "fy": 3852.356179237937, "fx": 3844.898776958602, "cx": 2593.5, "cy": 1680.5}, {"id": 8, "img_name": "DSC07964", "width": 5187, "height": 3361, "position": [-3.7470147663104454, 1.023277531795199, 0.46018699117578293], "rotation": [[0.10572920306150309, -0.1670321337148854, 0.9802660873082532], [0.46648239145915427, 0.8789220030186591, 0.09944994252495386], [-0.8781887690459993, 0.44676210550618634, 0.1708452721182278]], "fy": 3852.356179237937, "fx": 3844.898776958602, "cx": 2593.5, "cy": 1680.5}, {"id": 9, "img_name": "DSC07965", "width": 5187, "height": 3361, "position": [-3.7346203373672955, 0.6555005536877772, 1.1100677762300204], "rotation": [[-0.07098976612073732, -0.16034399421725787, 0.9845050820714836], [0.4634058797166171, 0.8687144974784123, 0.1749002930669294], [-0.8832980492167922, 0.4686415745420861, 0.01263451069583826]], "fy": 3852.356179237937, "fx": 3844.898776958602, "cx": 2593.5, "cy": 1680.5}, {"id": 10, "img_name": "DSC07966", "width": 5187, "height": 3361, "position": [-3.538971221974743, 0.3646233908025395, 1.6378282621718097], "rotation": [[-0.2163016919441152, -0.1504254138179412, 0.9646687374118712], [0.45647271935509226, 0.8578349364630419, 0.2361183564825402], [-0.8630447465494936, 0.49141776184947766, -0.11688605046013778]], "fy": 3852.356179237937, "fx": 3844.898776958602, "cx": 2593.5, "cy": 1680.5}, {"id": 11, "img_name": "DSC07967", "width": 5187, "height": 3361, "position": [-3.3926089979415264, -0.006524345118665276, 2.266995305583914], "rotation": [[-0.4344259255442784, -0.1473112040052925, 0.8885794980695361], [0.43257695294266546, 0.8311907496049452, 0.34928372071141295], [-0.79003246452145, 0.5361169153698477, -0.29736737893804616]], "fy": 3852.356179237937, "fx": 3844.898776958602, "cx": 2593.5, "cy": 1680.5}, {"id": 12, "img_name": "DSC07968", "width": 5187, "height": 3361, "position": [-3.062113068061624, -0.33287217668363356, 2.864568300633558], "rotation": [[-0.5989403447145206, -0.1276559302361696, 0.7905532410589364], [0.3869598476738769, 0.8181660187025498, 0.4252839547039473], [-0.7010938166618366, 0.5606320801701927, -0.44063491795655674]], "fy": 3852.356179237937, "fx": 3844.898776958602, "cx": 2593.5, "cy": 1680.5}, {"id": 13, "img_name": "DSC07969", "width": 5187, "height": 3361, "position": [-2.475961685274952, -0.5278415018304659, 3.2534734666989023], "rotation": [[-0.7260783982129687, -0.12611338365977515, 0.6759479078378536], [0.3294015459738982, 0.799102267874691, 0.5029216509432971], [-0.603576657234601, 0.587818832583142, -0.5386689511212767]], "fy": 3852.356179237937, "fx": 3844.898776958602, "cx": 2593.5, "cy": 1680.5}, {"id": 14, "img_name": "DSC07970", "width": 5187, "height": 3361, "position": [-1.7551479287700156, -0.6922696795751865, 3.569477404098061], "rotation": [[-0.8540425398528033, -0.10548664210071257, 0.5093956305859806], [0.24973341540756597, 0.7758661796328058, 0.5793659400852512], [-0.45633820939150443, 0.6220162695945427, -0.6362791832278065]], "fy": 3852.356179237937, "fx": 3844.898776958602, "cx": 2593.5, "cy": 1680.5}, {"id": 15, "img_name": "DSC07971", "width": 5187, "height": 3361, "position": [-1.1683460623036037, -0.8217981131776978, 3.7371951855175034], "rotation": [[-0.9284014510241649, -0.04844196236621072, 0.36840754880747933], [0.18989031199544223, 0.7903705215109076, 0.582456958183907], [-0.31939382452780496, 0.6107109095215891, -0.7245824796700612]], "fy": 3852.356179237937, "fx": 3844.898776958602, "cx": 2593.5, "cy": 1680.5}, {"id": 16, "img_name": "DSC07972", "width": 5187, "height": 3361, "position": [-0.47236299183309877, -0.9504314080741727, 3.941788206918289], "rotation": [[-0.9705549123760506, -0.041227128665984526, 0.23732569587947053], [0.11793442557389681, 0.7777537405131596, 0.6174063413849453], [-0.21003483836561868, 0.6272156271807543, -0.7499906157366114]], "fy": 3852.356179237937, "fx": 3844.898776958602, "cx": 2593.5, "cy": 1680.5}, {"id": 17, "img_name": "DSC07973", "width": 5187, "height": 3361, "position": [0.22123760903516101, -1.0323323544850362, 4.081562858076649], "rotation": [[-0.9990657965474656, -0.004287501928220885, 0.04300176154754795], [0.024184224383695538, 0.7691859106168721, 0.6385672699093278], [-0.03581420751511524, 0.6390106824112637, -0.768363644574855]], "fy": 3852.356179237937, "fx": 3844.898776958602, "cx": 2593.5, "cy": 1680.5}, {"id": 18, "img_name": "DSC07974", "width": 5187, "height": 3361, "position": [0.8911700109503228, -1.0185269621700856, 4.052108452453291], "rotation": [[-0.9897201929091481, 0.03297796382373997, -0.1391631907147822], [-0.06215428224552993, 0.7771751944796457, 0.6262072837999154], [0.12880522095948496, 0.628419581957441, -0.7671362617332161]], "fy": 3852.356179237937, "fx": 3844.898776958602, "cx": 2593.5, "cy": 1680.5}, {"id": 19, "img_name": "DSC07975", "width": 5187, "height": 3361, "position": [1.5227100503400297, -0.9077917783809625, 3.850870690229902], "rotation": [[-0.947644757452405, 0.059460282473750625, -0.3137417544432268], [-0.1432132269774677, 0.7990204861250286, 0.5840002006602596], [0.2854109060489325, 0.5983566975982344, -0.7486720758433977]], "fy": 3852.356179237937, "fx": 3844.898776958602, "cx": 2593.5, "cy": 1680.5}, {"id": 20, "img_name": "DSC07976", "width": 5187, "height": 3361, "position": [2.107967106450911, -0.6803459900618635, 3.441820269087384], "rotation": [[-0.876630170435984, 0.0932896231306269, -0.4720345225696123], [-0.22963803058259535, 0.7809744169133211, 0.5808143722714211], [0.4228308399248133, 0.6175564802858466, -0.6632028908753581]], "fy": 3852.356179237937, "fx": 3844.898776958602, "cx": 2593.5, "cy": 1680.5}, {"id": 21, "img_name": "DSC07977", "width": 5187, "height": 3361, "position": [2.8986381686247484, -0.45845065005264113, 3.0602632596241937], "rotation": [[-0.7452338156467186, 0.14329083188199299, -0.6512252279474426], [-0.3080161709976083, 0.792220532011522, 0.5267947105499003], [0.5913988488495767, 0.5931731333750269, -0.5462536365292665]], "fy": 3852.356179237937, "fx": 3844.898776958602, "cx": 2593.5, "cy": 1680.5}, {"id": 22, "img_name": "DSC07978", "width": 5187, "height": 3361, "position": [3.2842754659868323, -0.16869991253012076, 2.501008163490612], "rotation": [[-0.568018119589846, 0.18017875708151107, -0.8030510764043451], [-0.3834430849327414, 0.8054365758347651, 0.45193287435727786], [0.7282354127855072, 0.5646304435682958, -0.38841427079986607]], "fy": 3852.356179237937, "fx": 3844.898776958602, "cx": 2593.5, "cy": 1680.5}, {"id": 23, "img_name": "DSC07979", "width": 5187, "height": 3361, "position": [3.6538713214202496, 0.2400778685406351, 1.7951108750511462], "rotation": [[-0.37999819278765506, 0.18195662725174003, -0.906914085940497], [-0.44209533666170747, 0.8254989644393752, 0.35086061764109466], [0.8124980534007987, 0.5342688887710852, -0.23324593825235646]], "fy": 3852.356179237937, "fx": 3844.898776958602, "cx": 2593.5, "cy": 1680.5}, {"id": 24, "img_name": "DSC07980", "width": 5187, "height": 3361, "position": [3.71851275043758, 0.45477402426924224, 1.2406609955442738], "rotation": [[-0.20900966614589703, 0.24394954290361295, -0.9469971383138908], [-0.4726081537302889, 0.8225890889635181, 0.3162099361908429], [0.8561287826520187, 0.5136495023216587, -0.056636527784497875]], "fy": 3852.356179237937, "fx": 3844.898776958602, "cx": 2593.5, "cy": 1680.5}, {"id": 25, "img_name": "DSC07981", "width": 5187, "height": 3361, "position": [3.58742644253116, 0.8265403032341511, 0.5948060911176799], "rotation": [[-0.019972908062360645, 0.2561724250364749, -0.9664247366424681], [-0.4811940660336907, 0.844836609847095, 0.23388752313031008], [0.8763865321634606, 0.469709262536943, 0.10639480687281982]], "fy": 3852.356179237937, "fx": 3844.898776958602, "cx": 2593.5, "cy": 1680.5}, {"id": 26, "img_name": "DSC07982", "width": 5187, "height": 3361, "position": [3.5224691034480275, 1.1730210986742327, -0.08720786872436752], "rotation": [[0.2545884189307793, 0.2612541571208105, -0.9310912964545535], [-0.46062942816579455, 0.8793362113027602, 0.12078227270324401], [0.850297163851544, 0.39813828361362397, 0.34421016874464694]], "fy": 3852.356179237937, "fx": 3844.898776958602, "cx": 2593.5, "cy": 1680.5}, {"id": 27, "img_name": "DSC07983", "width": 5187, "height": 3361, "position": [3.3589166292863872, 1.5496459061718588, -0.7519064506072949], "rotation": [[0.4706244454824376, 0.20153309360622454, -0.8590093384217966], [-0.42819359175638716, 0.9034032477366845, -0.0226455284234019], [0.771468002766876, 0.3784798332280274, 0.5114588317221358]], "fy": 3852.356179237937, "fx": 3844.898776958602, "cx": 2593.5, "cy": 1680.5}, {"id": 28, "img_name": "DSC07984", "width": 5187, "height": 3361, "position": [3.0924933784503574, 1.9305824165890375, -1.401047607355062], "rotation": [[0.6575960899196381, 0.1651984187684926, -0.735035281438104], [-0.3779056092783996, 0.9163659513816038, -0.13213929629148916], [0.6517321021695376, 0.3646682404390024, 0.6650280756605672]], "fy": 3852.356179237937, "fx": 3844.898776958602, "cx": 2593.5, "cy": 1680.5}, {"id": 29, "img_name": "DSC07985", "width": 5187, "height": 3361, "position": [2.714777391750425, 2.2319503377905034, -1.9842851703516915], "rotation": [[0.7908790042278683, 0.12658187100574234, -0.5987381987181221], [-0.30812432351559094, 0.9276794746786828, -0.21087957112518657], [0.5287436069869735, 0.3512660276664522, 0.7726851725494907]], "fy": 3852.356179237937, "fx": 3844.898776958602, "cx": 2593.5, "cy": 1680.5}, {"id": 30, "img_name": "DSC07986", "width": 5187, "height": 3361, "position": [2.3485630934006014, 2.522550103328651, -2.5314749227487594], "rotation": [[0.8804804892705898, 0.0901320110082581, -0.46543563314966563], [-0.2382453093574318, 0.9329086377894912, -0.2700382308247069], [0.4098698337070009, 0.3486512500040166, 0.8428813826913202]], "fy": 3852.356179237937, "fx": 3844.898776958602, "cx": 2593.5, "cy": 1680.5}, {"id": 31, "img_name": "DSC07987", "width": 5187, "height": 3361, "position": [1.8495075905732352, 2.7624070037815525, -2.9836502187628877], "rotation": [[0.9402184219854266, 0.061224914662398926, -0.33502362421748116], [-0.17766392960493055, 0.9274258943189466, -0.3291150842244036], [0.2905595413621248, 0.3689616787300329, 0.8828603697936315]], "fy": 3852.356179237937, "fx": 3844.898776958602, "cx": 2593.5, "cy": 1680.5}, {"id": 32, "img_name": "DSC07988", "width": 5187, "height": 3361, "position": [0.9254777855307261, 2.9276458372690697, -3.2829226156775033], "rotation": [[0.99408524569965, 0.03585740869830667, -0.10251229450026518], [-0.06923971387773266, 0.9364601843788787, -0.3438723383687706], [0.08366831123188885, 0.34893633991678075, 0.9334040091948849]], "fy": 3852.356179237937, "fx": 3844.898776958602, "cx": 2593.5, "cy": 1680.5}, {"id": 33, "img_name": "DSC07989", "width": 5187, "height": 3361, "position": [0.04734737765764305, 2.577172565474729, -3.578003390957133], "rotation": [[0.9987405523160202, -0.010032315385694107, 0.049159554590058024], [0.019423063556835363, 0.9807174559976296, -0.19446340556414365], [-0.04626071509994266, 0.19517331823161546, 0.9796771519683933]], "fy": 3852.356179237937, "fx": 3844.898776958602, "cx": 2593.5, "cy": 1680.5}, {"id": 34, "img_name": "DSC07990", "width": 5187, "height": 3361, "position": [-0.7512165799025873, 2.5126206229498997, -3.386552150239586], "rotation": [[0.9643722717051837, -0.07312826250025747, 0.25424078899711705], [0.1198291511507456, 0.9775423166674384, -0.17335510854586714], [-0.23585397198409633, 0.19764431777349697, 0.9514776022330604]], "fy": 3852.356179237937, "fx": 3844.898776958602, "cx": 2593.5, "cy": 1680.5}, {"id": 35, "img_name": "DSC07991", "width": 5187, "height": 3361, "position": [-1.338774991579413, 2.4083596570692993, -3.181125249456953], "rotation": [[0.9230566511110677, -0.07844995664063581, 0.3765793716372454], [0.15367027333668015, 0.9726743065117243, -0.17404062900531675], [-0.35263559935470257, 0.2185184151393622, 0.9098889142707097]], "fy": 3852.356179237937, "fx": 3844.898776958602, "cx": 2593.5, "cy": 1680.5}, {"id": 36, "img_name": "DSC07992", "width": 5187, "height": 3361, "position": [-1.9120608977053797, 2.18065306240479, -2.798672661130835], "rotation": [[0.8569539286415658, -0.12816947832679687, 0.49920191206687337], [0.2305704864705119, 0.9615923665658134, -0.14892068805612463], [-0.4609416611183428, 0.24271939639796986, 0.853592455248796]], "fy": 3852.356179237937, "fx": 3844.898776958602, "cx": 2593.5, "cy": 1680.5}, {"id": 37, "img_name": "DSC07993", "width": 5187, "height": 3361, "position": [-2.3550967411344303, 1.9710725823717072, -2.387824438105322], "rotation": [[0.7758061707954225, -0.16233342161099154, 0.609731617667816], [0.2757758724443019, 0.9563896137989244, -0.09626304999909589], [-0.5675142760612527, 0.24283073702810434, 0.7867406050414963]], "fy": 3852.356179237937, "fx": 3844.898776958602, "cx": 2593.5, "cy": 1680.5}, {"id": 38, "img_name": "DSC07994", "width": 5187, "height": 3361, "position": [-2.7463907133036596, 1.735943692538222, -1.9422168011838035], "rotation": [[0.6694825294717979, -0.1948007498142666, 0.7168303917970016], [0.3387434424223502, 0.9388846981872755, -0.06122420865674617], [-0.6610945643006749, 0.283810132626706, 0.6945543792033223]], "fy": 3852.356179237937, "fx": 3844.898776958602, "cx": 2593.5, "cy": 1680.5}, {"id": 39, "img_name": "DSC07995", "width": 5187, "height": 3361, "position": [-3.109037915040423, 1.4601884025582972, -1.4346016867674323], "rotation": [[0.5324473426557965, -0.22370885466114382, 0.8163664469127696], [0.39114464753285133, 0.920324601080929, -0.002914335538425641], [-0.7506701619254506, 0.32086909634838356, 0.5775269093327076]], "fy": 3852.356179237937, "fx": 3844.898776958602, "cx": 2593.5, "cy": 1680.5}, {"id": 40, "img_name": "DSC07996", "width": 5187, "height": 3361, "position": [-3.3032622767489697, 1.1459637860858833, -0.799459662873427], "rotation": [[0.36549841546762224, -0.2748316545002842, 0.8893134823982448], [0.43321961029126743, 0.8958562124491364, 0.09880493851710967], [-0.8238517327466996, 0.34915499180295834, 0.4464964883953024]], "fy": 3852.356179237937, "fx": 3844.898776958602, "cx": 2593.5, "cy": 1680.5}, {"id": 41, "img_name": "DSC07997", "width": 5187, "height": 3361, "position": [-3.550024799547984, 0.8536478316675976, -0.2764983383512144], "rotation": [[0.12333117595748368, -0.2623130679765575, 0.957069106912176], [0.42680389379101696, 0.8846978926207973, 0.18747819883161526], [-0.8958950034919106, 0.38535891472891376, 0.22106707026869302]], "fy": 3852.356179237937, "fx": 3844.898776958602, "cx": 2593.5, "cy": 1680.5}, {"id": 42, "img_name": "DSC07998", "width": 5187, "height": 3361, "position": [-3.5395726189197023, 0.5628352494473818, 0.31100382179803593], "rotation": [[0.0590081835997579, -0.3140690247338869, 0.9475646056976599], [0.48010170828617965, 0.8411595311966363, 0.24890358128750792], [-0.8752259045349087, 0.4402400376837163, 0.200420371348051]], "fy": 3852.356179237937, "fx": 3844.898776958602, "cx": 2593.5, "cy": 1680.5}, {"id": 43, "img_name": "DSC07999", "width": 5187, "height": 3361, "position": [-3.5407456697561925, 0.25092533885269386, 0.8439513631115529], "rotation": [[-0.10254371270422998, -0.31166393636308287, 0.9446429895762208], [0.47476957487146115, 0.8191679544189279, 0.3218038427823402], [-0.8741159178056443, 0.4814867113677982, 0.06396803119542069]], "fy": 3852.356179237937, "fx": 3844.898776958602, "cx": 2593.5, "cy": 1680.5}, {"id": 44, "img_name": "DSC08000", "width": 5187, "height": 3361, "position": [-3.3357549237411224, -0.05476850259630786, 1.4019020131956237], "rotation": [[-0.30964850504267866, -0.32773400486673293, 0.8925851362076597], [0.4515555774234666, 0.7754302075620837, 0.441367821321382], [-0.8367887211372975, 0.5397206826259634, -0.09212068672763037]], "fy": 3852.356179237937, "fx": 3844.898776958602, "cx": 2593.5, "cy": 1680.5}, {"id": 45, "img_name": "DSC08001", "width": 5187, "height": 3361, "position": [-3.117483218497094, -0.31662390147100306, 1.8556302177766417], "rotation": [[-0.4408922484968415, -0.31237047574632476, 0.8414503616360345], [0.4140029145901609, 0.761027147092503, 0.49943895332572674], [-0.79637655159243, 0.5685616653189522, -0.20620868265785644]], "fy": 3852.356179237937, "fx": 3844.898776958602, "cx": 2593.5, "cy": 1680.5}, {"id": 46, "img_name": "DSC08002", "width": 5187, "height": 3361, "position": [-2.725336184130648, -0.5452102015278688, 2.274314301155333], "rotation": [[-0.5642658732600657, -0.29939385862555296, 0.7693941393663962], [0.37590455630038233, 0.736555760198231, 0.5623000770686581], [-0.735050874992111, 0.6065055065999884, -0.3030697636472884]], "fy": 3852.356179237937, "fx": 3844.898776958602, "cx": 2593.5, "cy": 1680.5}, {"id": 47, "img_name": "DSC08003", "width": 5187, "height": 3361, "position": [-2.258828090279286, -0.7740313755414165, 2.6803136126053646], "rotation": [[-0.6871811134049565, -0.2752893538694434, 0.6723078826145562], [0.3214483402992889, 0.7146878384447357, 0.6212022682653563], [-0.651500638448157, 0.6429907193928508, -0.40262867865603874]], "fy": 3852.356179237937, "fx": 3844.898776958602, "cx": 2593.5, "cy": 1680.5}, {"id": 48, "img_name": "DSC08004", "width": 5187, "height": 3361, "position": [-1.8524691897562917, -0.9337400134986702, 2.9662859780955295], "rotation": [[-0.786912473874397, -0.22276813060234515, 0.5754503614116618], [0.29074292323252426, 0.6887050628532994, 0.6641941651282698], [-0.5442768698475825, 0.689970793866066, -0.47718234728534137]], "fy": 3852.356179237937, "fx": 3844.898776958602, "cx": 2593.5, "cy": 1680.5}, {"id": 49, "img_name": "DSC08005", "width": 5187, "height": 3361, "position": [-1.3416079259988962, -1.103093365894526, 3.2624919477790972], "rotation": [[-0.8732070733499013, -0.18268906489798645, 0.4518120323966581], [0.21965057123046702, 0.6800494566692726, 0.6994900735835757], [-0.43504371459639435, 0.7100404509959456, -0.5536962383289636]], "fy": 3852.356179237937, "fx": 3844.898776958602, "cx": 2593.5, "cy": 1680.5}, {"id": 50, "img_name": "DSC08006", "width": 5187, "height": 3361, "position": [-0.7241290136987599, -1.2206383431728198, 3.4390193126543998], "rotation": [[-0.948121948498619, -0.11041084289216044, 0.2981177897191394], [0.15289044069390081, 0.663819310055062, 0.7320986523293471], [-0.27872797477039707, 0.7396981609885643, -0.6125008952732469]], "fy": 3852.356179237937, "fx": 3844.898776958602, "cx": 2593.5, "cy": 1680.5}, {"id": 51, "img_name": "DSC08007", "width": 5187, "height": 3361, "position": [-0.14525128587685687, -1.279617085312118, 3.5498185899515646], "rotation": [[-0.9866905641784744, -0.05448321732778832, 0.15321001791911695], [0.08186992188239546, 0.6476195548921493, 0.7575527889277849], [-0.14049571684622142, 0.7600134809007715, -0.6345395672430195]], "fy": 3852.356179237937, "fx": 3844.898776958602, "cx": 2593.5, "cy": 1680.5}, {"id": 52, "img_name": "DSC08008", "width": 5187, "height": 3361, "position": [0.49426757519464526, -1.3360931803935778, 3.6280779314990297], "rotation": [[-0.9998155736997032, 0.004471745200641048, -0.018676779229665316], [-0.011440565698829242, 0.6424305256683872, 0.7662585289221455], [0.015425045997464177, 0.766330883616405, -0.6422608852885839]], "fy": 3852.356179237937, "fx": 3844.898776958602, "cx": 2593.5, "cy": 1680.5}, {"id": 53, "img_name": "DSC08009", "width": 5187, "height": 3361, "position": [1.1177976340703604, -1.3354607305173836, 3.6157151348685486], "rotation": [[-0.9812149198178072, 0.06597212953382509, -0.18128695278951065], [-0.0942481751583574, 0.6560084625952983, 0.7488458976870156], [0.16832873375111468, 0.7518647319352897, -0.637467538205375]], "fy": 3852.356179237937, "fx": 3844.898776958602, "cx": 2593.5, "cy": 1680.5}, {"id": 54, "img_name": "DSC08010", "width": 5187, "height": 3361, "position": [1.7845498323116804, -1.2772189714529933, 3.469689199959549], "rotation": [[-0.9405494931430018, 0.12291425531410322, -0.316636600520252], [-0.16397519130526436, 0.6520784147621029, 0.7402066452266858], [0.2974538410994959, 0.748121532133598, -0.5931571339647138]], "fy": 3852.356179237937, "fx": 3844.898776958602, "cx": 2593.5, "cy": 1680.5}, {"id": 55, "img_name": "DSC08011", "width": 5187, "height": 3361, "position": [2.3117360794790676, -1.1035931801780028, 3.142004065688119], "rotation": [[-0.8597317170054165, 0.16459034530887076, -0.4834991137592959], [-0.2638874202927477, 0.6673643151645603, 0.6964110138820149], [0.43729258418838596, 0.7263159705500382, -0.5303209469159208]], "fy": 3852.356179237937, "fx": 3844.898776958602, "cx": 2593.5, "cy": 1680.5}, {"id": 56, "img_name": "DSC08012", "width": 5187, "height": 3361, "position": [2.876437628780772, -0.8444176106440947, 2.6945095363245914], "rotation": [[-0.7198227086256263, 0.21879935037091763, -0.6587731873901139], [-0.35942607515203584, 0.6944196324865103, 0.6233732994908451], [0.5938587076465822, 0.6854985180834196, -0.4212168290296173]], "fy": 3852.356179237937, "fx": 3844.898776958602, "cx": 2593.5, "cy": 1680.5}, {"id": 57, "img_name": "DSC08013", "width": 5187, "height": 3361, "position": [3.394353330709227, -0.6392560644188003, 2.2785622986347867], "rotation": [[-0.5941977354681244, 0.27475182198043285, -0.755936827706512], [-0.40489129294669945, 0.709903034868848, 0.5762818077815308], [0.6949763248201356, 0.6484975847313789, -0.3105781552798994]], "fy": 3852.356179237937, "fx": 3844.898776958602, "cx": 2593.5, "cy": 1680.5}, {"id": 58, "img_name": "DSC08014", "width": 5187, "height": 3361, "position": [3.6684659075929553, -0.22678827879259106, 1.571302185926468], "rotation": [[-0.3829261705893621, 0.33295548641263434, -0.8616891504164902], [-0.4483879157056793, 0.7485452126713925, 0.48849599961090373], [0.8076607115162179, 0.5734289046206736, -0.13734433522592424]], "fy": 3852.356179237937, "fx": 3844.898776958602, "cx": 2593.5, "cy": 1680.5}, {"id": 59, "img_name": "DSC08015", "width": 5187, "height": 3361, "position": [3.781990163677349, -0.016925074333731846, 0.9621526810134365], "rotation": [[-0.17215139435758453, 0.3991465550956726, -0.900580881973405], [-0.46868510876356134, 0.770931187256574, 0.4312764465380152], [0.8664283964898816, 0.4963336902431932, 0.05435716774764895]], "fy": 3852.356179237937, "fx": 3844.898776958602, "cx": 2593.5, "cy": 1680.5}, {"id": 60, "img_name": "DSC08016", "width": 5187, "height": 3361, "position": [3.5566232868998875, 0.2874445320406122, 0.40614303944764835], "rotation": [[-0.01765454842829283, 0.4340682248324217, -0.9007069962593958], [-0.47676775905837165, 0.7881801946485611, 0.3891843839187471], [0.8788519902931617, 0.43629893072821807, 0.19303476941515485]], "fy": 3852.356179237937, "fx": 3844.898776958602, "cx": 2593.5, "cy": 1680.5}, {"id": 61, "img_name": "DSC08017", "width": 5187, "height": 3361, "position": [3.4417406841636105, 0.6581285476061756, -0.23515639693838244], "rotation": [[0.24241082599047742, 0.43416009596652566, -0.8676070553614419], [-0.4813087594086666, 0.8302874363398135, 0.28100649667356564], [0.8423650453093986, 0.34946785850289247, 0.4102357204270461]], "fy": 3852.356179237937, "fx": 3844.898776958602, "cx": 2593.5, "cy": 1680.5}, {"id": 62, "img_name": "DSC08018", "width": 5187, "height": 3361, "position": [3.2007539697016614, 1.081806016680443, -0.9732296264190322], "rotation": [[0.48349728874114706, 0.3707806016801641, -0.792938911390818], [-0.4322777512430156, 0.8888310542853565, 0.1520371754481881], [0.7611611639858156, 0.26926028737204655, 0.5900276095947388]], "fy": 3852.356179237937, "fx": 3844.898776958602, "cx": 2593.5, "cy": 1680.5}, {"id": 63, "img_name": "DSC08019", "width": 5187, "height": 3361, "position": [2.8799551293698418, 1.4051667504042296, -1.5557170579985315], "rotation": [[0.6740562053128042, 0.2910578901324197, -0.6789208618616509], [-0.35410679623414715, 0.9339302480027135, 0.04881258778612529], [0.6482720177056011, 0.20750806359574148, 0.7325870559890167]], "fy": 3852.356179237937, "fx": 3844.898776958602, "cx": 2593.5, "cy": 1680.5}, {"id": 64, "img_name": "DSC08020", "width": 5187, "height": 3361, "position": [2.4611484748512664, 1.6374903559333274, -1.9821265191793036], "rotation": [[0.80331268735978, 0.23637146601763173, -0.5466417989684688], [-0.293809274400253, 0.9556846221827656, -0.018520615534618912], [0.5180394160710216, 0.1754862757484468, 0.837161711033618]], "fy": 3852.356179237937, "fx": 3844.898776958602, "cx": 2593.5, "cy": 1680.5}, {"id": 65, "img_name": "DSC08021", "width": 5187, "height": 3361, "position": [2.039305828310368, 1.882145464815421, -2.4625365555848258], "rotation": [[0.8857223542297041, 0.18467734784688622, -0.4258992702623835], [-0.2335449419029439, 0.9701703606527429, -0.06500947179048196], [0.4011890717970033, 0.15704696273142976, 0.9024320363149195]], "fy": 3852.356179237937, "fx": 3844.898776958602, "cx": 2593.5, "cy": 1680.5}, {"id": 66, "img_name": "DSC08022", "width": 5187, "height": 3361, "position": [1.4410152582952998, 2.096928436057742, -2.8137115682093006], "rotation": [[0.9610635936313455, 0.11665267912243533, -0.2504973481894811], [-0.14734705658473096, 0.9832322618938651, -0.10743911804780344], [0.23376401329593074, 0.14016587182560483, 0.9621371599014082]], "fy": 3852.356179237937, "fx": 3844.898776958602, "cx": 2593.5, "cy": 1680.5}, {"id": 67, "img_name": "DSC08023", "width": 5187, "height": 3361, "position": [0.7346415443613075, 2.2923547490988327, -3.230466848600776], "rotation": [[0.9963832025430145, 0.05096170553711607, -0.06799572235717813], [-0.06170931970810277, 0.9840715424557208, -0.1667188027487646], [0.05841638084723613, 0.17031178437667366, 0.9836571671833354]], "fy": 3852.356179237937, "fx": 3844.898776958602, "cx": 2593.5, "cy": 1680.5}, {"id": 68, "img_name": "DSC08024", "width": 5187, "height": 3361, "position": [-0.03022059683834564, 2.323093287248234, -3.294983405552554], "rotation": [[0.9954417059170229, -0.008971766443634057, 0.09494902594491496], [0.024339062142561384, 0.9864979079950544, -0.16195520237214248], [-0.09221399121081243, 0.16352793317431108, 0.9822195247991715]], "fy": 3852.356179237937, "fx": 3844.898776958602, "cx": 2593.5, "cy": 1680.5}, {"id": 69, "img_name": "DSC08025", "width": 5187, "height": 3361, "position": [-0.07432246859731323, 2.0257542597023726, -3.568316628547964], "rotation": [[0.9971562560225047, -0.015467034480591665, 0.07375752110501792], [0.02842436126902646, 0.98361730174396, -0.17801421122028316], [-0.06979582194966145, 0.17960449480541377, 0.9812597865418021]], "fy": 3852.356179237937, "fx": 3844.898776958602, "cx": 2593.5, "cy": 1680.5}, {"id": 70, "img_name": "DSC08026", "width": 5187, "height": 3361, "position": [-0.8172879077709803, 1.947995117989854, -3.32584422543055], "rotation": [[0.9605803686991236, -0.0759712583837196, 0.26742049878318963], [0.12231720111066662, 0.9793204796340719, -0.16115179329360263], [-0.24964746660502793, 0.18750937594927197, 0.9500086190918512]], "fy": 3852.356179237937, "fx": 3844.898776958602, "cx": 2593.5, "cy": 1680.5}, {"id": 71, "img_name": "DSC08027", "width": 5187, "height": 3361, "position": [-1.4573246368086943, 1.7564267165717005, -3.004080745935331], "rotation": [[0.8963543280650793, -0.13778132527082013, 0.4213848893418184], [0.20271609597776463, 0.972675861297666, -0.1131717865917882], [-0.3942779514384919, 0.18686352039780266, 0.899792710436135]], "fy": 3852.356179237937, "fx": 3844.898776958602, "cx": 2593.5, "cy": 1680.5}, {"id": 72, "img_name": "DSC08028", "width": 5187, "height": 3361, "position": [-2.0337586154439613, 1.5961105689422386, -2.610066320444769], "rotation": [[0.813998439752609, -0.18592353049320576, 0.5503080781610062], [0.2518135710186353, 0.9666878158227703, -0.045875834495346456], [-0.5234467169933927, 0.17591790002368618, 0.8337004419574788]], "fy": 3852.356179237937, "fx": 3844.898776958602, "cx": 2593.5, "cy": 1680.5}, {"id": 73, "img_name": "DSC08029", "width": 5187, "height": 3361, "position": [-2.576025639575771, 1.2951237589382993, -2.048427825336565], "rotation": [[0.6669982550367043, -0.27855508910685245, 0.6910285016630392], [0.34554833802777374, 0.9373538914245956, 0.04431735909788561], [-0.6600830810316495, 0.20922414909336123, 0.7214676580221209]], "fy": 3852.356179237937, "fx": 3844.898776958602, "cx": 2593.5, "cy": 1680.5}, {"id": 74, "img_name": "DSC08030", "width": 5187, "height": 3361, "position": [-3.0354386965847353, 0.9570582984609285, -1.3906061946503203], "rotation": [[0.49127648181481126, -0.3434109581637937, 0.8004475824366556], [0.4056804120109893, 0.9034435664862072, 0.1386114190291553], [-0.7707598988830797, 0.2566293747561008, 0.5831556758585459]], "fy": 3852.356179237937, "fx": 3844.898776958602, "cx": 2593.5, "cy": 1680.5}, {"id": 75, "img_name": "DSC08031", "width": 5187, "height": 3361, "position": [-3.293869817570794, 0.6320202422723461, -0.7710995283140297], "rotation": [[0.32240058998064186, -0.3777343606836338, 0.8679715504203237], [0.44009595781454447, 0.8716209954172511, 0.21585270038417168], [-0.8380772085526682, 0.3123997328852359, 0.44725048842656445]], "fy": 3852.356179237937, "fx": 3844.898776958602, "cx": 2593.5, "cy": 1680.5}, {"id": 76, "img_name": "DSC08032", "width": 5187, "height": 3361, "position": [-3.3988707968124645, 0.3226609762854508, -0.09914221075716415], "rotation": [[0.14111893366108824, -0.40517036239752713, 0.9032842431909316], [0.4736832063698708, 0.8288287503424384, 0.29777025138342894], [-0.8693156311521817, 0.38584955622683886, 0.3088858258224804]], "fy": 3852.356179237937, "fx": 3844.898776958602, "cx": 2593.5, "cy": 1680.5}, {"id": 77, "img_name": "DSC08033", "width": 5187, "height": 3361, "position": [-3.3944319985497957, -0.08331511062072725, 0.6005323475081249], "rotation": [[-0.03243716918224726, -0.41296295473868955, 0.910169999543455], [0.48305608032779784, 0.7907494652047034, 0.37599482248671945], [-0.8749883732449169, 0.4518593600800659, 0.17383459205304075]], "fy": 3852.356179237937, "fx": 3844.898776958602, "cx": 2593.5, "cy": 1680.5}, {"id": 78, "img_name": "DSC08034", "width": 5187, "height": 3361, "position": [-3.2294100059786985, -0.37148262290884826, 1.1517728329318668], "rotation": [[-0.24090909889188217, -0.4112324377793616, 0.8791192684665399], [0.4677447064932521, 0.7444693673218384, 0.47642444381765614], [-0.8503985510445335, 0.5259783676516221, 0.013002351475498448]], "fy": 3852.356179237937, "fx": 3844.898776958602, "cx": 2593.5, "cy": 1680.5}, {"id": 79, "img_name": "DSC08035", "width": 5187, "height": 3361, "position": [-2.990033874527907, -0.6976181552356363, 1.7337898783074206], "rotation": [[-0.4341182398080268, -0.398166994184781, 0.808086875656224], [0.43017543868648284, 0.6965184885927636, 0.574291813453182], [-0.791511494431302, 0.5969296774246602, -0.13108971886772136]], "fy": 3852.356179237937, "fx": 3844.898776958602, "cx": 2593.5, "cy": 1680.5}, {"id": 80, "img_name": "DSC08036", "width": 5187, "height": 3361, "position": [-2.535996145213771, -0.9650273765416633, 2.2170531281701136], "rotation": [[-0.6221745754642247, -0.346111238588924, 0.702214930180463], [0.36416157604023397, 0.6660710040292478, 0.6509498937148408], [-0.6930260775626012, 0.6607241694640137, -0.28837203003114703]], "fy": 3852.356179237937, "fx": 3844.898776958602, "cx": 2593.5, "cy": 1680.5}, {"id": 81, "img_name": "DSC08037", "width": 5187, "height": 3361, "position": [-2.068297701622656, -1.1761912183855106, 2.6269278550416133], "rotation": [[-0.7540054518054287, -0.2832886862841672, 0.5926409527454898], [0.3153755186325441, 0.6353057484920037, 0.704928995133743], [-0.5762066130260437, 0.7184247533015586, -0.38968168156669786]], "fy": 3852.356179237937, "fx": 3844.898776958602, "cx": 2593.5, "cy": 1680.5}, {"id": 82, "img_name": "DSC08038", "width": 5187, "height": 3361, "position": [-1.3165256026842767, -1.3668903294070212, 2.9973599419541097], "rotation": [[-0.8674505625775076, -0.2259446693587926, 0.44325898510048417], [0.23024080449908874, 0.6074827606864582, 0.7602327718616002], [-0.44104273424190726, 0.7615206509721884, -0.4749395800681564]], "fy": 3852.356179237937, "fx": 3844.898776958602, "cx": 2593.5, "cy": 1680.5}, {"id": 83, "img_name": "DSC08039", "width": 5187, "height": 3361, "position": [-0.6449358202919436, -1.5084890393630237, 3.2081562548240132], "rotation": [[-0.946914114493552, -0.14749951646202106, 0.28565285298130993], [0.15186866979294655, 0.5779138900616296, 0.8018425299328763], [-0.2833541369174145, 0.802657727999491, -0.5248342641010417]], "fy": 3852.356179237937, "fx": 3844.898776958602, "cx": 2593.5, "cy": 1680.5}, {"id": 84, "img_name": "DSC08040", "width": 5187, "height": 3361, "position": [0.1859085755886912, -1.6011432112373873, 3.3823772831965497], "rotation": [[-0.9917161597041401, -0.055787712801272905, 0.11570129507518452], [0.06253911038124953, 0.5770752115265021, 0.814292981619248], [-0.11219589232406912, 0.814783364669435, -0.5688058987067204]], "fy": 3852.356179237937, "fx": 3844.898776958602, "cx": 2593.5, "cy": 1680.5}, {"id": 85, "img_name": "DSC08041", "width": 5187, "height": 3361, "position": [1.0844569941721756, -1.5363299343249432, 3.2883122771799433], "rotation": [[-0.9868933211688398, 0.07610650511544774, -0.14230028992046595], [-0.07325606990246628, 0.5744257192120696, 0.8152721271637716], [0.14378845869812126, 0.8150109772185947, -0.561321642339229]], "fy": 3852.356179237937, "fx": 3844.898776958602, "cx": 2593.5, "cy": 1680.5}, {"id": 86, "img_name": "DSC08042", "width": 5187, "height": 3361, "position": [1.8230535447576783, -1.4772674186483865, 3.109977522326881], "rotation": [[-0.9332056491385362, 0.16361183776883859, -0.3199349667632886], [-0.16788337226262787, 0.5886822578396111, 0.7907391305750495], [0.31771432094517116, 0.7916339847724837, -0.5218939014968349]], "fy": 3852.356179237937, "fx": 3844.898776958602, "cx": 2593.5, "cy": 1680.5}, {"id": 87, "img_name": "DSC08043", "width": 5187, "height": 3361, "position": [2.46634113086586, -1.2336075020536053, 2.680134165989688], "rotation": [[-0.8168277203800347, 0.25944439666006813, -0.5152485616287036], [-0.2846964255845285, 0.5955249334520879, 0.7511977095920079], [0.5017374019127414, 0.7602885364640052, -0.4125783814540849]], "fy": 3852.356179237937, "fx": 3844.898776958602, "cx": 2593.5, "cy": 1680.5}, {"id": 88, "img_name": "DSC08044", "width": 5187, "height": 3361, "position": [3.096029281252965, -0.9865959915653952, 2.252485270487523], "rotation": [[-0.6779486348735317, 0.32545749909121835, -0.6591381226711163], [-0.35381401301957277, 0.6414978814831769, 0.6806585871371795], [0.644361150802948, 0.6946638642810533, -0.31975118920500445]], "fy": 3852.356179237937, "fx": 3844.898776958602, "cx": 2593.5, "cy": 1680.5}, {"id": 89, "img_name": "DSC08045", "width": 5187, "height": 3361, "position": [3.514255691394473, -0.6166461127484943, 1.6149680326336329], "rotation": [[-0.4603533794989967, 0.3770204473553783, -0.8036979210249349], [-0.4236284180777783, 0.7023044496343709, 0.5721078774328161], [0.7801369939829613, 0.6038410737103874, -0.16359165113023025]], "fy": 3852.356179237937, "fx": 3844.898776958602, "cx": 2593.5, "cy": 1680.5}, {"id": 90, "img_name": "DSC08046", "width": 5187, "height": 3361, "position": [3.7140720047746987, -0.24701441303388227, 0.8741386619109003], "rotation": [[-0.2540181924254252, 0.4489417565857562, -0.8566948448021708], [-0.45635246856995465, 0.7253234396107192, 0.5154108384399614], [0.8527702987012552, 0.5218785367736166, 0.020630329808334576]], "fy": 3852.356179237937, "fx": 3844.898776958602, "cx": 2593.5, "cy": 1680.5}, {"id": 91, "img_name": "DSC08047", "width": 5187, "height": 3361, "position": [3.3085074449622254, 0.20294568197666282, 0.053941788103152276], "rotation": [[0.060425803078383765, 0.5123748937076462, -0.8566333466661278], [-0.4897676135745353, 0.7630119391503436, 0.42182990103540174], [0.8697565216862917, 0.3940618593724979, 0.2970502381282546]], "fy": 3852.356179237937, "fx": 3844.898776958602, "cx": 2593.5, "cy": 1680.5}, {"id": 92, "img_name": "DSC08048", "width": 5187, "height": 3361, "position": [3.3426086753951956, 0.5527565139891802, -0.6045626030097311], "rotation": [[0.29258577283078363, 0.471325191223685, -0.8320132989652086], [-0.47424607417124437, 0.8270659422318039, 0.30174921430449614], [0.8303518691917152, 0.30629151362415347, 0.46551184948575625]], "fy": 3852.356179237937, "fx": 3844.898776958602, "cx": 2593.5, "cy": 1680.5}, {"id": 93, "img_name": "DSC08049", "width": 5187, "height": 3361, "position": [3.2658660608510717, 0.9342054676780402, -1.2881325060096986], "rotation": [[0.4955785251829267, 0.4066994519447125, -0.7674617131592856], [-0.42817575010846143, 0.8831666904487991, 0.19152577868467574], [0.7556900504813936, 0.23369243177643875, 0.6118172888484297]], "fy": 3852.356179237937, "fx": 3844.898776958602, "cx": 2